[gd_scene load_steps=2 format=3 uid="uid://2ilp7gumxx26"]

[ext_resource type="PackedScene" uid="uid://hsa3asvkbe7t" path="res://scenes/Player.tscn" id="1_81x0t"]

[node name="World" type="Node3D"]

[node name="CSGCombiner3D" type="CSGCombiner3D" parent="."]
use_collision = true

[node name="CSGBox3D" type="CSGBox3D" parent="CSGCombiner3D"]
transform = Transform3D(1, 0, 0, 0, 1, 0, 0, 0, 1, 0, -1, 0)
size = Vector3(506, 2, 632)

[node name="CSGPolygon3D" type="CSGPolygon3D" parent="CSGCombiner3D"]
transform = Transform3D(-1, 0, -8.74228e-08, 0, 1, 0, 8.74228e-08, 0, -1, 2, 0, 5)
polygon = PackedVector2Array(0, 0, 0, 3, 5, 0)
depth = 5.0

[node name="CSGPolygon3D4" type="CSGPolygon3D" parent="CSGCombiner3D"]
transform = Transform3D(1, 0, 1.74846e-07, 0, 1, 0, -1.74846e-07, 0, 1, -42, 0, 40)
polygon = PackedVector2Array(0, 0, 0, 3, 5, 0)
depth = 50.0

[node name="CSGPolygon3D5" type="CSGPolygon3D" parent="CSGCombiner3D"]
transform = Transform3D(-1, 0, -2.62268e-07, 0, 1, 0, 2.62268e-07, 0, -1, -42, 0, -10)
polygon = PackedVector2Array(0, 0, 0, 3, 5, 0)
depth = 50.0

[node name="CSGPolygon3D6" type="CSGPolygon3D" parent="CSGCombiner3D"]
transform = Transform3D(1, 0, 1.74846e-07, 0, 1, 0, -1.74846e-07, 0, 1, -115, 0, 40)
polygon = PackedVector2Array(0, 0, 0, 5, 5, 0)
depth = 50.0

[node name="CSGPolygon3D7" type="CSGPolygon3D" parent="CSGCombiner3D"]
transform = Transform3D(-1, 0, -2.62268e-07, 0, 1, 0, 2.62268e-07, 0, -1, -115, 0, -10)
polygon = PackedVector2Array(0, 0, 0, 5, 5, 0)
depth = 50.0

[node name="CSGPolygon3D8" type="CSGPolygon3D" parent="CSGCombiner3D"]
transform = Transform3D(1, 0, 1.74846e-07, 0, 1, 0, -1.74846e-07, 0, 1, -115, 0, -82)
polygon = PackedVector2Array(0, 0, 0, 10, 10, 0)
depth = 50.0

[node name="CSGPolygon3D9" type="CSGPolygon3D" parent="CSGCombiner3D"]
transform = Transform3D(-1, 0, -2.62268e-07, 0, 1, 0, 2.62268e-07, 0, -1, -115, 0, -132)
polygon = PackedVector2Array(0, 0, 0, 10, 10, 0)
depth = 50.0

[node name="CSGPolygon3D2" type="CSGPolygon3D" parent="CSGCombiner3D"]
transform = Transform3D(-1, 0, -8.74228e-08, 0, 1, 0, 8.74228e-08, 0, -1, 3, 0, 10)
polygon = PackedVector2Array(0, 0, 0, 6, 6, 0)
depth = 5.0

[node name="CSGPolygon3D3" type="CSGPolygon3D" parent="CSGCombiner3D"]
transform = Transform3D(-1, 0, -8.74228e-08, 0, 1, 0, 8.74228e-08, 0, -1, 4, 0, 15)
polygon = PackedVector2Array(0, 0, 0, 9, 7, 0)
depth = 5.0

[node name="CSGBox3D2" type="CSGBox3D" parent="CSGCombiner3D"]
transform = Transform3D(0.866025, 0, 0.5, 0, 1, 0, -0.5, 0, 0.866025, 14, 0, 0)
size = Vector3(1, 2, 18)

[node name="Player" parent="." instance=ExtResource("1_81x0t")]
transform = Transform3D(1, 0, 0, 0, 1, 0, 0, 0, 1, 0, 3, 0)

[node name="SpotLight3D" type="SpotLight3D" parent="."]
transform = Transform3D(0.965926, -1.54268e-08, 0.258819, -0.258819, -5.75737e-08, 0.965926, 0, -1, -5.96047e-08, 11, 7, 0)
light_color = Color(0.152941, 0.254902, 0.54902, 1)
light_energy = 4.071
shadow_enabled = true
spot_range = 14.0

[node name="SpotLight3D3" type="SpotLight3D" parent="."]
transform = Transform3D(0.482963, 0.866025, 0.12941, -0.258819, -4.98603e-08, 0.965926, 0.836516, -0.5, 0.224144, -20, 7, 0)
light_color = Color(0.152941, 0.254902, 0.54902, 1)
light_energy = 4.071
shadow_enabled = true
spot_range = 14.0

[node name="SpotLight3D4" type="SpotLight3D" parent="."]
transform = Transform3D(-0.933013, 0.258819, -0.25, -0.258819, -8.94992e-08, 0.965926, 0.25, 0.965926, 0.0669874, -20, 7, -23)
light_color = Color(0.152941, 0.254902, 0.54902, 1)
light_energy = 4.071
shadow_enabled = true
spot_range = 14.0

[node name="SpotLight3D5" type="SpotLight3D" parent="."]
transform = Transform3D(-0.25, -0.965926, -0.0669874, -0.258819, -9.33559e-08, 0.965926, -0.933013, 0.258819, -0.25, 18, 7, -23)
light_color = Color(0.152941, 0.254902, 0.54902, 1)
light_energy = 4.071
shadow_enabled = true
spot_range = 14.0

[node name="SpotLight3D6" type="SpotLight3D" parent="."]
transform = Transform3D(0.683013, -0.707107, 0.183013, -0.258819, -6.25022e-08, 0.965926, -0.683013, -0.707107, -0.183013, 18, 7, 24)
light_color = Color(0.152941, 0.254902, 0.54902, 1)
light_energy = 4.071
shadow_enabled = true
spot_range = 14.0

[node name="SpotLight3D7" type="SpotLight3D" parent="."]
transform = Transform3D(-0.933013, -0.258819, -0.25, -0.258819, -7.02156e-08, 0.965926, -0.25, 0.965926, -0.0669872, -22, 7, 24)
light_color = Color(0.152941, 0.254902, 0.54902, 1)
light_energy = 4.071
shadow_enabled = true
spot_range = 14.0

[node name="SpotLight3D2" type="SpotLight3D" parent="."]
transform = Transform3D(0.25, 0.965926, 0.0669873, -0.258819, -8.07139e-08, 0.965926, 0.933013, -0.258819, 0.25, 3, 11, 8)
light_color = Color(0.568627, 0.756863, 0.960784, 1)
light_energy = 14.738
shadow_enabled = true
spot_range = 16.0

[node name="SpotLight3D8" type="SpotLight3D" parent="."]
transform = Transform3D(0.25, 0.965926, 0.0669873, -0.258819, -8.07139e-08, 0.965926, 0.933013, -0.258819, 0.25, 3, 11, 22)
light_color = Color(0.568627, 0.756863, 0.960784, 1)
light_energy = 14.738
shadow_enabled = true
spot_range = 16.0

[node name="SpotLight3D9" type="SpotLight3D" parent="."]
transform = Transform3D(0.25, 0.965926, 0.0669873, -0.258819, -8.07139e-08, 0.965926, 0.933013, -0.258819, 0.25, 3, 11, 36)
light_color = Color(0.568627, 0.756863, 0.960784, 1)
light_energy = 14.738
shadow_enabled = true
spot_range = 16.0

[node name="SpotLight3D10" type="SpotLight3D" parent="."]
transform = Transform3D(0.25, 0.965926, 0.0669873, -0.258819, -8.07139e-08, 0.965926, 0.933013, -0.258819, 0.25, 33, 11, -11)
light_color = Color(0.568627, 0.756863, 0.960784, 1)
light_energy = 14.738
shadow_enabled = true
spot_range = 16.0

[node name="SpotLight3D11" type="SpotLight3D" parent="."]
transform = Transform3D(0.25, 0.965926, 0.0669873, -0.00851843, -0.0669874, 0.997717, 0.968208, -0.25, -0.00851866, -49, 32, 13)
light_color = Color(0.568627, 0.756863, 0.960784, 1)
light_energy = 14.738
shadow_enabled = true
spot_range = 68.364
spot_attenuation = 0.63728

[node name="SpotLight3D12" type="SpotLight3D" parent="."]
transform = Transform3D(0.25, 0.965926, 0.0669873, -0.00851843, -0.0669874, 0.997717, 0.968208, -0.25, -0.00851866, -82, 32, 13)
light_color = Color(0.568627, 0.756863, 0.960784, 1)
light_energy = 14.738
shadow_enabled = true
spot_range = 68.364
spot_attenuation = 0.63728

[node name="SpotLight3D13" type="SpotLight3D" parent="."]
transform = Transform3D(0.25, 0.965926, 0.0669873, -0.00851843, -0.0669874, 0.997717, 0.968208, -0.25, -0.00851866, -110, 32, 13)
light_color = Color(0.568627, 0.756863, 0.960784, 1)
light_energy = 14.738
shadow_enabled = true
spot_range = 68.364
spot_attenuation = 0.63728

[node name="SpotLight3D14" type="SpotLight3D" parent="."]
transform = Transform3D(0.25, 0.965926, 0.0669874, -0.00851843, -0.0669874, 0.997717, 0.968208, -0.25, -0.00851868, -110, 32, -112)
light_color = Color(0.568627, 0.756863, 0.960784, 1)
light_energy = 14.738
shadow_enabled = true
spot_range = 68.364
spot_attenuation = 0.63728
